V[0:0,0,0,0](0,0)|
V[1:1,0,0,0](0,0)|
V[2:2,0,0,0](75,75)|
V[3:0,1,0,0](0,0)|
V[4:1,1,0,0](0,0)|
V[5:2,1,0,0](0,0)|
V[6:0,2,0,0](75,75)|
V[7:1,2,0,0](0,0)|
V[8:2,2,0,0](0,0)|
V[9:0,0,1,0](0,0)|
V[10:1,0,1,0](37.5,37.5)|
V[11:2,0,1,0](0,0)|
V[12:0,1,1,0](100,100)|
V[13:1,1,1,0](0,0)|
V[14:2,1,1,0](32.81,32.81)|
V[15:0,2,1,0](0,0)|
V[16:1,2,1,0](75,75)|
V[17:2,2,1,0](0,0)|
V[18:0,0,2,0](75,75)|
V[19:1,0,2,0](0,0)|
V[20:2,0,2,0](28.12,28.12)|
V[21:0,1,2,0](0,0)|
V[22:1,1,2,0](42.19,42.19)|
V[23:2,1,2,0](0,0)|
V[24:0,2,2,0](75,75)|
V[25:1,2,2,0](0,0)|
V[26:2,2,2,0](31.64,31.64)|
V[27:0,0,0,1](0,0)|
V[28:1,0,0,1](100,100)|
V[29:2,0,0,1](0,0)|
V[30:0,1,0,1](37.5,37.5)|
V[31:1,1,0,1](0,0)|
V[32:2,1,0,1](75,75)|
V[33:0,2,0,1](0,0)|
V[34:1,2,0,1](32.81,32.81)|
V[35:2,2,0,1](0,0)|
V[36:0,0,1,1](0,0)|
V[37:1,0,1,1](0,0)|
V[38:2,0,1,1](42.19,42.19)|
V[39:0,1,1,1](0,0)|
V[40:1,1,1,1](0,0)|
V[41:2,1,1,1](0,0)|
V[42:0,2,1,1](42.19,42.19)|
V[43:1,2,1,1](0,0)|
V[44:2,2,1,1](0,0)|
V[45:0,0,2,1](0,0)|
V[46:1,0,2,1](32.81,32.81)|
V[47:2,0,2,1](0,0)|
V[48:0,1,2,1](75,75)|
V[49:1,1,2,1](0,0)|
V[50:2,1,2,1](21.97,21.97)|
V[51:0,2,2,1](0,0)|
V[52:1,2,2,1](42.19,42.19)|
V[53:2,2,2,1](0,0)|
V[54:0,0,0,2](75,75)|
V[55:1,0,0,2](0,0)|
V[56:2,0,0,2](75,75)|
V[57:0,1,0,2](0,0)|
V[58:1,1,0,2](42.19,42.19)|
V[59:2,1,0,2](0,0)|
V[60:0,2,0,2](28.12,28.12)|
V[61:1,2,0,2](0,0)|
V[62:2,2,0,2](31.64,31.64)|
V[63:0,0,1,2](0,0)|
V[64:1,0,1,2](75,75)|
V[65:2,0,1,2](0,0)|
V[66:0,1,1,2](32.81,32.81)|
V[67:1,1,1,2](0,0)|
V[68:2,1,1,2](42.19,42.19)|
V[69:0,2,1,2](0,0)|
V[70:1,2,1,2](21.97,21.97)|
V[71:2,2,1,2](0,0)|
V[72:0,0,2,2](0,0)|
V[73:1,0,2,2](0,0)|
V[74:2,0,2,2](31.64,31.64)|
V[75:0,1,2,2](0,0)|
V[76:1,1,2,2](0,0)|
V[77:2,1,2,2](0,0)|
V[78:0,2,2,2](31.64,31.64)|
V[79:1,2,2,2](0,0)|
V[80:2,2,2,2](0,0)|